start:500.300
write:82.71,97.71,102.71,104.71,105.71,107.71,116.70,121.69,126.69;2991
write:101.46,101.51,101.55,101.60,101.65,101.73,101.77,101.86,101.92,103.99,104.103,105.111,105.115,105.121,105.125,105.128,105.130,105.132,105.133,105.134,108.129;3872
write:92.67,92.68,89.70,87.71,86.72,82.75,80.77,77.78,76.79,74.81,73.82,72.82,70.84,65.88,63.90,60.92,61.92;7383
write:109.67,110.68,111.72,112.75,113.77,113.79,113.80,115.83,115.84,116.86,116.87,117.89,118.90,119.92,120.93,122.90;8184
write:137.42,151.45,168.47,190.49,196.50,197.53,197.57,188.65,180.71,166.80,161.84,160.86,164.86,184.86,195.87,202.88,204.89,205.96,205.102,205.115,202.125,198.136,196.139,195.140,195.141,192.141,187.135,184.130,181.126;9334
write:164.97,140.107,120.115,102.123,99.124,120.124,143.122,166.117,172.114;9844
write:176.114,173.117,172.118,165.122,157.124,142.131,135.133,127.135,126.135,137.135;10425
write:287.44,294.63,300.77,300.81,300.83,291.82;11385
write:231.109,234.112,242.124,247.130,249.133;11745
write:224.167,260.155,298.138,318.128,326.126,327.125,327.123;12215
write:339.54,357.54,385.54,398.54,400.54,396.61,382.71,359.86,334.102,322.110,310.115,309.115,304.114,302.110;12866
write:300.94,324.94,344.94,362.94,367.94,374.94,377.95,384.96,384.97,374.103,364.107;13396
write:292.125,314.127,349.127,367.127,374.127,376.127,376.129,360.136,327.142,310.143;13846
write:310.149,330.150,351.150,357.150,362.149,363.145,355.132;14136
write:335.115,335.130,335.160,335.176,335.191,335.193,332.194,324.186,319.182;14596
write:157.181,165.186,168.188,173.193,176.198,177.202,177.203,178.203;15527
write:187.178,190.183,190.189,190.192,190.194,190.195;15887
write:209.181,206.186,200.190,194.193,185.198,180.201,178.201,177.201,175.201;16197
write:161.207,189.204,229.194,239.191,241.190,232.191,213.194,192.196;16727
write:161.213,161.216,158.222,155.226,153.227,152.228,145.228,140.228,138.228,137.228;27178
write:188.206,190.212,192.216,193.219,193.220,204.219,219.213,228.208,232.206,232.205,233.205,234.204;37898
write:241.176,239.183,239.191,239.192,241.192,249.186,253.183,261.180,267.180,288.180,303.180,324.180,335.180,343.180,345.180,348.181,348.183,347.193,340.200,335.206,330.207;48748
write:242.199,276.202,296.202,304.202,305.202,307.202,308.202,310.202,310.201;19358
write:269.188,262.192,258.195,254.199,252.201,250.203,248.205,246.208,246.209,246.210,268.218,291.221,321.221,331.221,332.221,323.221,308.221,300.221;50039
write:282.217,282.228,282.249,279.266,278.272,276.278,274.285,272.292,271.295,268.292,263.283,252.262;60609
write:267.243,305.243,348.243,357.243,359.243,360.243,361.243,362.243;71179
start:1904.250
write:89.46,99.59,105.66,111.75,113.79,119.86,120.87;60966
write:147.53,158.62,174.70,180.74,186.77,187.77,188.77,191.77;66208
start:1904.250
write:121.26,130.33,137.43,139.45,139.46,143.50,146.54,147.54;4002
write:98.52,117.55,146.58,154.59,158.59,166.60,186.64,213.68,229.69,237.70;10855
write:105.100,111.100,131.100,161.100,175.100,190.100,197.98,205.95,207.93,208.93,209.92,214.90,216.89,217.89;14346
write:30.27,31.28,32.31,33.33,35.36,36.38,37.41,39.43,39.44,40.46;7743597
start:1904.250
write:114.29,122.31,127.32,131.34,134.36,141.39,145.42,150.44,151.46,153.46,164.45,172.41;1944
start:1904.250
write:121.64,136.68,147.73,156.77,161.80,163.81,166.81;1081
write:90.72,105.78,115.83,122.87,126.90,128.93,128.95,128.97,128.98,128.102,126.105,123.108,114.113,108.118,106.119,103.120,92.116,73.108,63.101,55.96,51.92,49.89,49.86,48.83,48.80,48.77,54.75,66.70,82.65,103.61,130.56,157.54,181.52,203.52,222.51,237.51,244.51,248.51,249.51,249.50;5219
write:186.86,193.88,245.104,260.108,270.109,271.109,273.108,275.104,279.98,283.89,290.80,292.72,294.66,294.61,294.58,294.55,293.52,290.48,286.42,282.37,278.33,272.27,265.21,262.18,261.17,260.17,259.19,258.27,257.38,257.50,257.75,257.94,257.109,256.117,255.126,253.131,251.136,250.137,249.139,249.140,248.140,245.140,237.140,226.134,217.128,206.120,197.113,195.111,194.109,192.107,192.105,192.104,192.102,192.100,194.97,197.94,207.91,213.91,218.91,230.91,254.96,263.98,276.105,281.108,285.112,288.113,288.114,290.114,300.107;9538
